10: 29.6 24.48 37.42 5.41
10: 32.82 32.68 32.96 4.22
10: 44.49 38.58 52.54 5.73
10: 54.78 50.93 59.27 5.72
10: 26.37 27.28 25.52 9.01
10: 33.9 37.7 30.79 5.04
10: 46.09 41.9 51.21 3.81
10: 55.43 54.71 56.17 7.98
10: 33.55 34.06 33.06 6.78
10: 49.01 48.74 49.29 8.97
10: 60.02 59.41 60.65 6.77
10: 64.22 65.45 63.04 3.27
10: 67.26 60.84 75.19 4.44
5: 53.13 59.36 48.08 13.31
10: 59.31 60.62 58.05 7.11
20: 64.64 64.56 64.73 3.87
50: 66.63 60.29 74.46 14.92
5: 74.46 70.61 78.74 5.26
5: 74.78 71.34 78.57 5.53
10: 76.93 74.59 79.42 2.43
20: 78.93 73.91 84.68 2.02
50: 81.16 77.3 85.43 1.4
5: 45.75 42.59 49.41 2.46
10: 50.98 45.2 58.45 7.2
20: 55.38 48.98 63.7 4.91
50: 59.89 53.69 67.72 6.21
5: 45.75 42.59 49.41 2.46
10: 50.98 45.2 58.45 7.2
20: 55.38 48.98 63.7 4.91
50: 59.89 53.69 67.72 6.21
5: 38.79 37.29 40.41 17.3
10: 45.97 39.44 55.09 2.21
20: 55.38 47.99 65.46 2.57
50: 60.13 53.28 69.01 4.49
5: 42.15 40.73 43.67 8.79
10: 47.49 44.33 51.13 2.27
20: 49.87 42.35 60.64 7.23
50: 56.44 47.81 68.87 2.56
5: 44.11 47.46 41.2 6.53
10: 53.74 46.64 63.38 4.43
20: 65.04 59.1 72.3 2.38
50: 65.7 55.05 81.47 8.69
5: 48.58 45.71 51.84 5.66
10: 53.0 45.76 62.97 4.22
20: 55.53 44.64 73.46 5.27
50: 52.08 41.53 69.83 4.31
1: 33.77 35.91 31.86 17.14
1: 20.31 36.67 14.04 8.76
1: 26.86 28.81 25.17 13.55
1: 15.64 18.57 13.51 12.79
1: 61.39 71.38 53.86 19.88
1: 8.53 22.24 5.28 6.53
1: 26.8 35.5 21.52 18.28
1: 31.16 38.82 26.03 19.63
5: 52.56 55.15 50.21 14.68
10: 56.98 54.94 59.17 8.35
20: 59.05 58.85 59.25 6.67
50: 66.72 61.62 72.73 4.85
5: 51.52 53.67 49.54 13.62
10: 56.49 53.2 60.21 8.35
20: 56.02 52.08 60.6 9.03
50: 65.14 58.17 74.0 4.11
5: 53.46 57.84 49.69 15.32
10: 54.33 52.14 56.71 12.09
20: 57.19 50.27 66.33 5.24
50: 64.88 60.76 69.6 4.72
5: 53.84 58.63 49.77 15.49
10: 54.69 54.54 54.83 9.23
20: 56.06 55.59 56.54 8.24
50: 58.29 47.96 74.29 6.04
5: 47.28 54.9 41.52 7.36
10: 54.14 55.05 53.25 11.73
20: 57.51 57.68 57.33 5.51
50: 65.33 61.96 69.08 5.66
5: 48.75 55.15 43.69 8.95
10: 53.76 52.36 55.23 11.39
20: 55.22 49.41 62.58 6.6
50: 64.11 61.43 67.02 6.58
5: 34.93 29.62 42.56 13.69
10: 45.7 43.89 47.67 8.16
20: 54.38 51.48 57.62 6.98
50: 55.2 58.96 51.9 25.21
5: 52.71 50.19 55.5 6.39
10: 58.24 58.57 57.92 6.51
20: 66.55 67.59 65.54 2.89
50: 68.9 64.7 73.69 5.86
5: 42.71 47.19 39.0 6.71
10: 50.4 49.88 50.94 6.5
20: 56.98 51.19 64.23 3.99
50: 65.92 62.36 69.92 6.53
5: 44.36 40.4 49.17 3.26
5: 43.76 43.15 44.4 2.83
10: 51.89 55.22 48.94 1.84
20: 60.89 60.7 61.08 1.76
50: 65.38 65.07 65.69 7.0
5: 42.71 44.41 41.15 7.76
10: 53.18 51.77 54.67 3.46
20: 59.57 55.47 64.33 2.55
50: 69.05 66.13 72.25 2.59
5: 42.71 47.19 39.0 6.71
10: 50.4 49.88 50.94 6.5
20: 56.98 51.19 64.23 3.99
50: 65.92 62.36 69.92 6.53
5: 34.84 40.43 30.6 6.76
10: 47.84 47.45 48.25 5.63
20: 59.8 59.93 59.67 3.6
50: 68.86 67.87 69.88 2.59
5: 36.75 31.67 43.77 15.94
10: 54.54 55.62 53.5 9.2
20: 64.12 60.57 68.12 4.16
50: 70.79 66.45 75.73 2.0
5: 52.71 50.19 55.5 6.39
10: 58.24 58.57 57.92 6.51
20: 66.55 67.59 65.54 2.89
50: 68.9 64.7 73.69 5.86
5: 42.76 39.25 46.96 9.11
10: 51.65 49.6 53.88 7.39
20: 61.49 61.32 61.67 2.53
50: 64.97 60.68 69.92 7.13
5: 53.27 49.7 57.4 6.13
10: 54.35 51.06 58.1 8.3
20: 59.68 50.44 73.04 9.2
50: 67.62 61.88 74.54 2.47
5: 43.52 41.2 46.1 7.22
10: 45.98 47.47 44.58 9.79
20: 56.93 56.54 57.33 6.34
50: 67.58 60.87 75.96 2.74
5: 50.79 49.36 52.29 7.56
10: 57.0 58.47 55.6 5.72
20: 65.56 59.81 72.54 3.96
50: 69.29 62.6 77.56 4.5
5: 51.41 48.84 54.27 6.66
10: 55.31 49.29 63.0 7.68
20: 56.09 48.32 66.85 6.04
50: 66.59 65.6 67.6 3.45
5: 50.31 48.59 52.15 6.21
10: 58.3 54.18 63.1 7.21
20: 54.12 47.32 63.21 6.83
50: 67.05 63.85 70.58 2.58
5: 43.63 44.92 42.42 13.63
10: 51.59 55.69 48.06 22.19
20: 42.59 35.49 53.25 20.69
50: 70.47 69.02 71.98 2.28
5: 49.96 47.56 52.62 8.01
5: 47.46 47.25 47.67 9.43
10: 51.78 45.39 60.27 5.0
20: 55.49 50.49 61.58 5.12
50: 65.94 68.46 63.6 9.97
5: 52.71 50.19 55.5 6.39
10: 58.24 58.57 57.92 6.51
20: 66.55 67.59 65.54 2.89
50: 68.9 64.7 73.69 5.86
5: 47.1 46.17 48.06 5.71
10: 51.37 51.38 51.35 7.76
20: 55.62 49.91 62.81 5.81
50: 69.07 66.47 71.88 4.4
5: 33.67 34.48 32.9 16.05
10: 48.19 45.24 51.54 11.26
20: 61.99 61.23 62.77 4.97
50: 66.04 61.25 71.65 2.98
5: 36.53 34.94 38.27 17.47
10: 47.95 44.61 51.83 11.08
20: 58.01 52.45 64.9 9.66
5: 44.11 43.14 45.12 6.81
10: 54.65 51.76 57.88 4.28
20: 60.73 58.25 63.42 4.75
50: 66.86 63.0 71.23 3.45
5: 37.22 36.48 37.98 12.68
5: 46.86 39.98 56.58 11.1
10: 53.69 49.69 58.4 7.61
20: 62.68 57.83 68.42 5.51
5: 42.76 40.55 45.23 7.1
10: 52.78 52.79 52.77 6.12
20: 60.64 55.92 66.23 3.51
50: 55.04 49.83 61.46 13.62
5: 50.79 49.36 52.29 7.56
10: 57.0 58.47 55.6 5.72
20: 65.56 59.81 72.54 3.96
50: 69.29 62.6 77.56 4.5
5: 36.75 31.67 43.77 15.94
10: 54.54 55.62 53.5 9.2
20: 64.12 60.57 68.12 4.16
50: 70.79 66.45 75.73 2.0
5: 36.11 31.23 42.79 15.75
10: 48.73 57.13 42.48 15.66
20: 62.35 58.27 67.04 2.56
50: 69.99 63.92 77.33 3.08
100: 73.13 70.21 76.31 2.04
100: 71.21 64.7 79.19 4.1
100: 71.67 65.1 79.71 2.61
100: 72.08 70.87 73.33 5.58
1: 25.65 36.8 19.69 18.57
5: 53.84 58.63 49.77 15.49
1: 24.63 37.32 18.38 19.36
5: 48.45 50.01 46.98 7.68
10: 55.4 55.23 55.56 9.7
20: 54.83 51.91 58.1 4.67
50: 65.19 60.99 70.02 4.21
100: 68.78 62.62 76.29 2.82
1: 10.35 18.91 7.12 11.83
5: 38.8 34.13 44.96 18.87
10: 47.62 42.44 54.25 6.2
20: 48.3 42.88 55.29 2.99
50: 63.43 58.09 69.85 4.4
100: 68.74 63.3 75.21 2.13
1: 23.75 34.58 18.08 19.54
5: 48.98 52.11 46.21 8.06
10: 53.2 50.05 56.77 9.39
20: 59.76 57.17 62.58 4.93
50: 64.17 57.29 72.92 4.51
100: 63.31 53.93 76.65 6.13
1: 11.46 19.22 8.17 13.07
5: 38.4 31.76 48.56 14.27
10: 43.64 37.85 51.52 7.98
20: 50.06 45.22 56.06 5.69
1: 10.14 18.99 6.92 11.54
5: 39.09 33.01 47.94 17.16
10: 49.47 44.9 55.06 7.16
20: 41.91 44.2 39.85 19.28
50: 62.0 57.65 67.06 3.57
100: 66.44 60.72 73.35 2.21
1: 3.89 10.72 2.38 3.27
5: 37.22 35.29 39.38 11.14
10: 43.9 43.59 44.21 4.78
20: 45.52 40.47 52.0 10.83
50: 55.28 65.04 48.06 23.03
100: 65.15 58.88 72.92 4.06
5: 37.0 38.9 35.27 15.12
10: 39.97 33.11 50.44 2.68
20: 53.4 47.48 61.0 7.11
5: 38.35 36.96 39.85 13.85
10: 49.56 48.17 51.04 9.5
20: 53.83 46.39 64.1 5.06
50: 63.07 63.11 63.04 3.71
5: 53.14 57.74 49.21 14.92
10: 52.4 53.35 51.48 12.15
20: 56.99 48.54 69.0 6.51
50: 60.67 53.05 70.83 6.42
1: 25.54 36.54 19.62 18.69
hard pubmed 24G pretrained
5: 55.28 56.19 54.4 8.64
10: 56.27 54.75 57.88 12.39
20: 56.99 51.93 63.15 8.57
50: 67.55 60.55 76.38 3.12
mix pubmed 24G pretrained
5: 35.97 30.96 42.92 9.29
10: 32.96 33.68 32.27 17.18
20: 51.38 50.12 52.71 6.34
50: 48.89 47.34 50.54 25.01
soft pubmed 24G pretrained
5: 38.66 41.6 36.1 12.5
10: 46.88 49.69 44.38 6.1
20: 45.88 42.77 49.48 9.65
50: 63.11 56.08 72.15 6.36
soft pubmed 40g unpretrained
5: 39.16 42.7 36.17 12.82
10: 45.71 42.97 48.81 6.07
20: 49.06 52.77 45.83 16.37
50: 62.63 57.22 69.17 6.31
hard pubmed 40g unpretrained
5: 46.9 52.22 42.56 15.89
10: 50.9 59.17 44.67 10.77
20: 55.76 48.0 66.52 7.69
50: 60.62 59.92 61.33 10.67
hard pubmed 20g unpretrained
47.62 47.01 48.25 13.46
56.26 50.07 64.19 12.37
60.7 60.55 60.85 10.67
45.38 37.42 57.65 23.86
50: 45.38 37.42 57.65 23.86
hard pubmed 20g pretrained 10
5: 50.43 49.7 51.19 12.12
10: 61.32 56.36 67.25 8.91
20: 64.89 58.05 73.54 5.33
50: 42.43 39.52 45.81 34.55
hard pubmed 20g pretrained 20
5: 46.72 41.3 53.77 11.2
20
5: 45.7 40.85 51.85 11.0
10: 67.78 65.59 70.13 4.31
20: 69.29 68.83 69.75 4.0
50: 67.92 62.1 74.94 6.28
10
30:
5: 40.48 37.52 43.94 6.56
10: 63.22 63.82 62.62 9.92
20: 62.3 56.24 69.83 9.79
50: 67.82 60.29 77.5 6.03
soft 3
5: 44.83 41.55 48.67 7.38
10: 59.37 58.11 60.69 7.26
20: 60.19 64.21 56.65 7.54
50: 68.27 61.0 77.52 5.35
soft 5
5: 50.83 45.48 57.6 4.85
10: 58.3 57.55 59.06 6.65
20: 65.58 62.04 69.54 8.71
50: 69.86 65.01 75.48 5.39
soft 7
5: 47.06 41.88 53.71 3.34
10: 55.04 56.05 54.06 10.37
20: 59.06 52.66 67.23 7.77
50: 69.89 64.12 76.81 4.33
9
5: 43.08 40.89 45.52 5.4
10: 56.02 52.4 60.17 8.29
20: 60.99 56.01 66.94 5.91
50: 68.5 63.97 73.71 2.48
1
5: 41.24 35.9 48.46 5.52
10: 52.61 46.95 59.81 11.33
20: 59.72 54.95 65.4 6.56
50: 69.77 63.04 78.12 11.26
mix 1
5: 47.96 41.4 57.0 8.24
10: 57.15 54.15 60.5 7.63
20: 62.6 65.23 60.17 10.27
50: 64.85 64.52 65.19 7.68
mix 3
5: 42.29 36.82 49.67 6.23
10: 57.47 54.3 61.02 6.75
20: 62.08 55.53 70.38 6.47
50: 64.69 62.53 67.0 3.38
mix 5
5: 44.85 40.59 50.1 3.48
10: 53.72 50.94 56.81 1.89
20: 62.2 57.68 67.5 7.57
50: 67.95 65.49 70.6 4.69
mix 7
5: 44.64 38.37 53.35 2.7
10: 54.59 59.67 50.31 4.97
20: 62.21 58.77 66.08 5.3
50: 66.65 60.93 73.56 2.52
mix 9
5: 49.82 49.89 49.75 6.86
10: 54.11 51.05 57.56 7.07
20: 66.94 64.14 70.0 2.6
50: 69.39 67.46 71.44 4.82
example
5: 48.73 41.95 58.12 7.86
10: 58.9 56.7 61.27 4.7
20: 66.39 65.65 67.15 5.32
50: 68.46 68.3 68.63 3.99
span loss
5: 54.12 53.8 54.46 12.66
10: 66.13 62.66 70.0 3.81
20: 69.73 68.11 71.42 5.47
50: 68.11 64.92 71.62 3.78
attack
5: 53.95 55.69 52.31 9.34
10: 59.83 59.84 59.81 8.04
20: 68.21 69.01 67.44 5.2
50: 71.37 68.31 74.71 5.68
span loss + attack
5: 52.9 60.19 47.19 21.35
10: 63.15 66.85 59.83 5.52
20: 66.3 72.2 61.29 6.06
50: 72.07 69.97 74.29 2.89
FNN+hard
5: 48.1 38.4 64.35 2.22
10: 49.64 42.72 59.25 2.36
20: 51.85 43.21 64.83 3.92
50: 61.16 55.6 67.96 1.7
FNN+hard 10
5: 60.0 52.81 69.46 6.72
10: 62.74 58.03 68.29 5.67
20: 60.66 57.9 63.71 3.88
50: 65.41 62.91 68.1 3.68
FNN+hard 20
5: 54.61 44.5 70.65 9.16
10: 59.94 52.19 70.4 6.35
20: 61.32 56.44 67.12 3.81
50: 64.47 61.57 67.67 3.57
FNN+soft 5 20
5: 52.96 42.13 71.29 4.82
10: 53.78 47.51 61.96 5.8
20: 54.61 48.11 63.12 7.72
50: 57.4 51.04 65.56 5.35
FNN+soft 5 10
5: 54.84 44.89 70.46 5.89
10: 53.78 47.51 61.96 5.8
20: 54.61 48.11 63.12 7.72
50: 57.4 51.04 65.56 5.35
FNN+mix 9 10
5: 47.23 36.01 68.58 1.09
10: 47.46 40.13 58.08 2.71
20: 56.23 49.43 65.21 4.3
50: 60.92 53.84 70.15 2.98

hard 10
5: 57.64 55.23 60.27 14.9
10: 67.08 66.0 68.21 4.16
20: 68.73 64.77 73.21 7.67
50: 69.03 67.36 70.79 5.8
hard attack 10
5: 52.13 53.96 50.42 6.96
10: 59.83 59.84 59.81 8.04
20: 68.21 69.01 67.44 5.2
50: 71.37 68.31 74.71 5.68
hard attack span loss 10
5: 52.68 58.74 47.75 21.09
10: 63.15 66.85 59.83 5.52
20: 66.3 72.2 61.29 6.06
50: 72.07 69.97 74.29 2.89
hard BC5CDR-dis hard
5: 65.53 62.26 69.17 9.57
10: 62.95 63.65 62.27 11.94
20: 70.38 68.87 71.96 2.47
50: 73.27 69.24 77.8 3.52
hard BC5CDR-dis attack
5: 61.62 61.69 61.54 8.89
10: 64.75 63.34 66.23 6.82
20: 67.22 64.02 70.76 3.07
50: 53.82 49.49 58.97 27.13
hard BC5CDR-dis attack span loss
5: 61.83 62.5 61.18 9.2
10: 63.61 59.12 68.84 3.96
20: 58.99 70.15 50.9 17.29
50: 69.42 62.44 78.16 2.61
hard BC5CDR-dis span loss
5: 66.03 62.54 69.92 9.11
10: 65.16 61.74 68.99 4.73
20: 68.79 65.96 71.88 3.38
50: 68.97 62.31 77.24 2.89
hard BC5CDR-chem
5: 79.51 72.88 87.45 2.16
10: 79.46 75.75 83.55 1.64
20: 80.72 78.49 83.08 2.93
50: 79.3 75.93 82.98 4.37
hard BC5CDR-chem PGD
5: 75.48 71.24 80.27 3.26
10: 76.94 71.7 83.02 2.04
20: 71.5 80.88 64.07 31.75
50: 79.85 75.65 84.55 4.6
BC4CHEMD hard PGD
5: 29.73 31.62 28.06 15.82
10: 47.55 48.88 46.29 6.42
20: 51.86 53.15 50.63 5.33
50: 64.03 63.83 64.24 3.34
BC4CHEMD hard
5: 29.73 31.62 28.06 15.82
10: 47.55 48.88 46.29 6.42
20: 51.86 53.15 50.63 5.33
50: 64.03 63.83 64.24 3.34
BC4CHEMD hard FGM
5: 47.96 48.4 47.53 2.65
10: 54.67 48.17 63.20 3.41
20: 55.22 50.6 60.77 7.55
50: 59.03 51.15 69.79 5.46
BC4CHEMD hard FGM
5: 49.03 47.05 51.19 2.55
10: 43.48 37.07 52.57 17.72
20: 55.22 50.6 60.77 7.55
50: 59.03 51.15 69.79 5.46
span loss
5: 45.37 43.42 47.49 5.99
10: 52.53 43.57 66.12 2.58
20: 48.06 42.31 55.63 19.12
50: 60.88 53.59 70.45 6.67
BC2GM hard
5: 50.44 42.47 62.08 3.35
10: 55.24 50.19 61.42 2.48
20: 53.15 44.87 65.19 4.17
50: 58.67 53.15 65.48 5.49
BC2GM hard pgd
5: 41.21 38.3 44.59 11.11
10: 52.61 46.09 61.27 1.25
20: 49.05 40.99 61.04 4.73
50: 57.05 49.87 66.64 2.08
Bc2GM had FGM
5: 46.63 42.37 51.85 3.2
10: 52.02 46.31 59.34 0.52
20: 53.23 51.58 54.99 16.62
50: 53.1 45.5 63.74 5.86
JNLPBA hard
5: 48.01 46.59 49.53 14.96
10: 51.02 47.14 55.59 7.04
20: 56.7 49.48 66.39 2.88
50: 59.94 53.39 68.32 3.92
JNLPBA kl loss
5: 47.69 46.35 49.12 7.15
10: 52.37 45.75 61.24 3.87
20: 55.18 46.54 67.75 5.55
50: 59.58 53.23 67.64 2.9
JNLPBA hard pgd
5: 43.48 40.82 46.5 16.73
10: 52.04 45.97 59.96 2.82
20: 57.09 51.74 63.67 1.5
50: 59.4 49.57 74.08 1.25
JNLPBA hard fgm
5: 44.89 41.8 48.47 13.75
10: 49.29 43.02 57.7 6.37
20: 56.29 53.62 59.24 10.31
50: 60.4 52.26 71.55 0.95
JNLPBA span loss
5: 47.89 47.8 47.98 15.45
10: 50.28 46.66 54.51 5.79
20: 58.8 54.73 63.52 3.36
50: 62.49 54.65 72.97 1.88
JNLPBA hard fgm span loss
5: 43.7 40.61 47.31 14.07
10: 47.72 41.71 55.77 7.76
20: 55.96 48.8 65.6 1.75
50: 60.75 53.34 70.54 1.74
LINNAEUS hard pgd span loss
5: 49.01 44.22 54.98 19.78
10: 60.11 55.97 64.91 11.35
20: 64.24 55.89 75.52 5.18
50: 66.26 57.42 78.33 5.56
LINNAEUS hard
5:  51.06 44.03 60.75 8.42
10: 58.67 57.42 59.97 14.09
20: 64.87 54.94 79.16 9.79
50: 72.04 67.79 76.86 2.99
LINNAEUS hard kl loss
5: 50.58 51.53 49.66 12.94
10: 57.55 70.62 48.57 14.38
20: 66.68 60.68 74.0 8.72
50: 69.03 65.45 73.04 6.88
LINNAEUS hard fgm
5: 47.3 45.82 48.88 19.96
10: 59.4 61.02 57.86 8.83
20: 64.43 56.37 75.18 12.9
50: 68.45 60.22 79.3 4.37
LINNAEUS hard pgd
5: 44.5 41.36 48.15 19.69
10: 56.3 68.11 47.98 11.25
20: 64.16 75.38 55.85 18.66
50: 72.72 69.77 75.92 4.12
LINNAEUS hard span loss
5: 52.56 48.8 56.94 8.45
10: 59.23 58.12 60.39 12.46
20: 62.95 52.3 79.05 7.38
50: 67.23 58.57 78.91 8.94
S800 hard
5: 52.76 45.24 63.29 3.64
10: 54.73 46.36 66.78 3.9
20: 57.12 49.95 66.68 2.71
50: 53.8 45.06 66.75 8.47
hard fgm
5: 49.29 45.69 53.51 6.16
10: 51.36 41.67 66.94 3.88
20: 40.46 31.59 56.27 19.85
50: 56.73 46.78 72.05 4.69
hard pgd
5: 49.64 45.82 54.16 5.64
10: 50.52 42.41 62.45 3.86
20: 52.97 43.62 67.41 3.57
50: 56.27 47.29 69.44 6.99
hard span loss
50: 52.14 40.91 71.86 5.59
S800 hard klweight = 1
5: 52.01 51.02 53.04 5.45
10: 52.04 44.34 63.0 4.59
20: 54.52 44.46 70.46 3.74
50: 51.12 44.39 60.26 8.0
S800 hard klweight = 0.5
5: 51.89 47.64 56.98 4.52
10: 51.78 46.26 58.8 4.71
20: 55.97 46.17 71.06 3.7
50: 57.76 52.17 64.69 3.95
S800 hard
5: 52.58 46.78 60.03 4.41
10: 56.07 46.49 70.64 3.44
20: 57.19 47.77 71.24 3.77
50: 60.2 51.21 73.01 3.48
S800 kl0.5 tes10 loss sum
5: 52.01 51.02 53.04 5.45
10: 52.04 44.34 63.0 4.59
20: 54.52 44.46 70.46 3.74
50: 51.12 44.39 60.26 8.0
S800 kl0.5 tes10 loss mean
5: 51.08 46.24 57.05 6.84
10: 54.68 45.57 68.34 4.18
20: 57.04 47.1 72.28 1.74
50: 57.21 47.87 71.08 6.49
S800 ce tes10 loss mean
5: 53.26 44.84 65.58 2.89
10: 55.98 47.89 67.35 3.4
20: 59.82 49.82 74.86 4.08
50: 57.88 47.96 72.99 3.33
JNLPBA hard
5: 46.73 44.13 49.66 7.23
10: 52.63 46.39 60.81 3.07
20: 57.33 48.92 69.22 2.95
50: 59.39 51.42 70.28 2.71
BC2GM hard
5: 48.75 42.05 58.0 4.68
10: 52.0 44.98 61.6 4.46
20: 54.02 45.87 65.68 3.81
50: 57.42 48.54 70.29 2.73
BC2GM hard kl loss
5: 48.77 42.85 56.59 4.59
10: 46.94 40.01 56.79 7.88
20: 52.71 44.82 63.98 2.37
50: 59.13 53.91 65.48 3.71
NCBI hard kl loss
5: 54.37 48.98 61.08 7.85
10: 60.03 64.99 55.77 13.85
20: 69.17 63.65 75.73 3.69
50: 72.4 69.29 75.79 3.3
NCBI hard ce loss
5: 57.84 50.47 67.75 8.82
10: 61.06 61.62 60.52 4.96
20: 67.4 65.56 69.35 3.24
50: 68.56 61.7 77.12 7.34
NCBI hard span loss
5: 55.77 47.53 67.48 7.68
10: 62.37 60.0 64.94 4.43
20: 69.87 68.4 71.4 2.93
50: 72.48 70.95 74.08 3.79
NCBI hard span loss attack
5: 55.44 53.22 57.85 7.82
10: 56.57 57.41 55.75 6.53
20: 60.22 58.26 62.31 8.31
50: 69.48 63.0 77.46 6.28
NCBI hard span loss attack 5
5: 54.91 52.27 57.83 9.63
10: 64.54 65.74 63.38 7.39
20: 71.08 69.49 72.75 4.39
50: 70.06 65.83 74.88 6.53
NCBI hard span loss attack 3
5: 46.07 54.93 39.67 13.16
10: 62.62 60.73 64.62 5.15
20: 69.2 71.89 66.71 7.16
50: 68.48 63.41 74.44 7.12
BC5CDR disease hard
5: 64.85 65.25 64.45 9.33
10: 65.5 63.12 68.06 2.72
20: 67.96 67.51 68.43 3.62
50: 71.61 66.88 77.06 1.27
BC5CDR disease hard span loss
5: 64.87 65.36 64.39 9.42
10: 66.27 61.5 71.85 2.21
20: 67.96 63.44 73.16 3.1
50: 69.36 61.89 78.87 3.82
BC5CDR disease soft 5
5: 47.87 47.69 48.04 7.15
10: 56.51 48.57 67.55 1.09
20: 62.48 55.27 71.84 6.84
50: 69.32 64.39 75.06 2.93
BC5CDR disease mix 5
5: 46.48 41.35 53.06 4.18
10: 54.62 44.91 69.68 3.09
20: 60.37 51.46 73.01 4.65
50: 65.99 57.19 78.01 6.47
BC4CHEMD hard
5:  52.52 47.43 58.82 6.16
10: 53.26 45.64 63.95 8.63
20: 59.78 52.07 70.17 7.53
50: 59.46 54.12 65.97 5.95
BC4CHEMD hard span loss
5: 53.71 49.99 58.02 3.83
10: 55.56 47.8 66.33 5.06
20: 60.58 52.34 71.89 6.31
50: 61.29 55.26 68.8 7.24
BC5CDR-chem hard
5: 79.06 71.94 87.75 2.29
10: 80.01 75.69 84.85 3.08
20: 80.14 78.54 81.8 1.97
50: 82.83 81.69 84.0 2.58
BC5CDR-chem hard span loss
5: 79.07 71.8 87.97 2.07
10: 79.57 79.55 79.59 2.88
20: 82.64 80.59 84.79 1.66
50: 84.08 81.04 87.36 1.54
JNLPBA hard
5: 46.73 44.13 49.66 7.23
10: 52.63 46.39 60.81 3.07
20: 57.33 48.92 69.22 2.95
50: 59.39 51.42 70.28 2.71
JNLPBA hard span loss
5: 46.87 44.06 50.06 7.0
10: 52.79 46.43 61.17 2.77
20: 56.61 47.54 69.95 3.55
50: 60.53 51.71 72.96 0.86
BC2GM hard
5: 48.75 42.05 58.0 4.68
10: 52.0 44.98 61.6 4.46
20: 54.02 45.87 65.68 3.81
50: 57.42 48.54 70.29 2.73
BC2GM hard span loss
5: 47.2 40.44 56.68 7.66
10: 52.67 47.4 59.25 4.05
20: 56.1 48.25 66.98 2.25
50: 55.33 49.76 62.3 6.71
S800 hard
5: 53.26 44.84 65.58 2.89
10: 55.98 47.89 67.35 3.4
20: 59.82 49.82 74.86 4.08
50: 57.88 47.96 72.99 3.33
S800 hard span loss
5: 52.56 43.51 66.36 3.34
10: 55.74 47.08 68.32 2.56
20: 59.79 50.36 73.56 4.04
50: 57.0 45.48 76.32 5.48
LINNAEUS hard
5: 52.27 48.23 57.04 11.78
10: 62.55 62.58 62.53 8.69
20: 67.82 63.59 72.66 2.98
50: 71.79 64.91 80.31 1.98
LINNAEUS hard span loss
5: 52.89 55.72 50.34 12.2
10: 60.64 53.94 69.23 9.43
20: 63.1 56.37 71.64 12.85
50: 68.28 58.32 82.36 2.32
